Doe                  Jane                 100  90 100  30  10   1   3  21  30 100 48.50 
Stewart              Patrick              100  75 100  30  10   1   3  21  30 100 47.00 
Joe                  Ellen                100  90  10  30  10   1   3  21  30 100 39.50 
Kid                  Billy                100  90 100  45  10   1   3  21  30 100 50.00 
Demarda              Anby                 100  90 100  30 100   1   3  21  30 100 57.50 
Moonbane             Hoolay               100  90 100  30  10  80   3  21  30 100 56.40 
Heng                 Dan                  100  90 100  30  10   1  90  21  30 100 57.20 
Webb                 Kafka                100  90 100  30  10   1   3   2  30 100 46.60 
Herta                The                  100  90 100  30  10   1   3  21  70 100 52.50 
Swan                 Black                100  90 100  30  10   1   3  21  30  25 41.00 
